
num_test        = 23 


p2 __ p3 =  30.528675f0 
p2 __ n5 =  19.723083f0 

a= 14.3178215f0 b= 17.691807f0 c= 30.528675f0 
x= 13.495509f0 
y= 4.782389f0 

