
num_test        = 2 

population_size = 4 
max_generations = 1 

ne = #(X0 P10 1.0)  ie = (0 1 1.0)  
ne = #(P10 P20 1.0)  ie = (1 2 1.0)  
ne = #(P20 P30 1.0)  ie = (2 3 1.0)  
ne = #(P10 P40 3.0)  ie = (1 4 3.0)  

make_edges_from_namededges ............................ 

names = #(#(X0 P10 1.0) #(P10 P20 1.0) #(P20 P30 1.0) #(P10 P40 3.0)) 
nodes = #(X0 P10 P20 P30 P40) 
edges = ((0 1 1.0) (1 2 1.0) (2 3 1.0) (1 4 3.0)) 
.......................................................


0    : (fitness = -9.729692) 

---------------------- POPULATION PRINT -------------------------------

Generation = 1

   i =   0   ch=    0.188  0.564  1.693  0.079  0.236  0.709  2.127  1.380    fitness= -2.470478
   i =   1   ch=   -0.462  2.417  0.838  1.756  0.045  0.134  2.902  1.205    fitness= -3.301950
   i =   2   ch=   -1.137  1.589  2.268 -0.696  3.038  1.237  1.212  2.039    fitness= -5.744687
   i =   3   ch=    1.489  4.467  3.402  0.207  0.620  1.859  0.576  1.729    fitness= -9.729692

STABLE_SIZE = 4 
ORIG_SIZE   = 0 
SIZE        = 4     (length = 4)
BEST        = 0 

BEST = 0  (fitness = -2.470478) 
 
----------------------------------------------------------------------- 


FINAL 0 : fitness = -2.470478 

   P10  = [ 0.188102  0.564307 ] 
   P20  = [ 1.692920  0.078761 ] 
   P30  = [ 0.236285  0.708855 ] 
   P40  = [ 2.126567  1.379701 ] 


FINAL 1 : fitness = -3.301950 

   P10  = [-0.462412  2.417310 ] 
   P20  = [ 0.838291  1.755795 ] 
   P30  = [ 0.044624  0.133874 ] 
   P40  = [ 2.901622  1.204868 ] 

