
ga_population_seed  ......... 

ga_population_set_parameters ... 

GA EVOLUTION   0  ...  f0 =  50.260  i0 =  52551685268698337297319231888888
GA EVOLUTION   1  ...  f0 =  50.420  i0 =  59281685268698337297319231988888
GA EVOLUTION   2  ...  f0 =  50.440  i0 =  5:280672428698337297319231888888


FINAL RESULT: 

---------------------- POPULATION PRINT -------------------------------

Generation = 2

   i =   0   ch=   5:280672428698337297319231888888   fitness= 50.440000
   i =   1   ch=   59281685268698337297384431988888   fitness= 50.420000
   i =   2   ch=   59281685278698379526135731988888   fitness= 50.400000
   i =   3   ch=   525516724273:5279527319231988888   fitness= 50.300000
   i =   4   ch=   52550685796249779526135731888888   fitness= 50.280000
   i =   5   ch=   29861415459345512515719267689472   fitness= 50.240000
   i =   6   ch=   94817778135173946922275079486956   fitness= 50.160000
   i =   7   ch=   94817778135173956922275079487956   fitness= 50.160000
   i =   8   ch=   7628883/268698337297319282269782   fitness= 50.140000
   i =   9   ch=   52551685896249776333279553178881   fitness= 50.100000

STABLE_SIZE = 10 
SIZE        = 10 
BEST        = 0 

BEST = 0  (fitness = 50.440000) 
 
-----------------------------------------------------------------------

Best solution , score = 50.44 : 5:280672428698337297319231888888


