

num_test        = 23


p2 __ p3 =  30.5286750449
p2 __ n5 =  19.7230829233

a= 14.3178210633 b= 17.691806013 c= 30.5286750449
x= 13.4955087109
y= 4.78238900919

