
ga_population_seed  ......... 

ga_population_set_parameters ... 

GA EVOLUTION   0  ...  f0 =  50.160  i0 =  67192988695458246276671667763938
GA EVOLUTION   1  ...  f0 =  50.280  i0 =  67191988648937683637393729377938
GA EVOLUTION   2  ...  f0 =  50.480  i0 =  67191988648937683639588437844867


FINAL RESULT: 

---------------------- POPULATION PRINT -------------------------------

Generation = 2

   i =   0   ch=   67191988648937683639588437844867   fitness= 50.480000
   i =   1   ch=   27191988648937683737588437844867   fitness= 50.380000
   i =   2   ch=   67192988471289317278588438844867   fitness= 50.340000
   i =   3   ch=   67192988695451737378529437763939   fitness= 50.260000
   i =   4   ch=   67191917471289317279588437844867   fitness= 50.240000
   i =   5   ch=   12857584489377274627749339965279   fitness= 50.240000
   i =   6   ch=   67147584489377232438229339598942   fitness= 50.120000
   i =   7   ch=   46591557691662973383891357968279   fitness= 50.120000
   i =   8   ch=   2324198864893768363739372:377938   fitness= 50.060000
   i =   9   ch=   33241917471289317278588437854867   fitness= 50.020000

STABLE_SIZE = 10 
SIZE        = 10 
BEST        = 0 

BEST = 0  (fitness = 50.480000) 
 
-----------------------------------------------------------------------

Best solution , score = 50.48 : 67191988648937683639588437844867


