

num_test        = 23


p2 __ p3 =  30.528675044947494
p2 __ n5 =  19.72308292331602

a= 14.317821063276353 b= 17.69180601295413 c= 30.528675044947494
x= 13.495508710856619
y= 4.782389009187051

