
---------------------------------------- 

xa=       5.0 7.0 
f=        690.0 
gradient= 80.0 200.0 
gnorm=     215.4065922854 
p=        80.0 200.0 
pg=       46400.0 
dir=      1.0 
stepc=    12.0 

x1=       0.5433118837507553 -4.1417202906231125 
dx=       -4.456688116249245 -11.141720290623113 
fc=       786.5002029202658 

x1=       2.8518518518518516 1.6296296296296289 
dx1=      -2.1481481481481484 -5.370370370370371 
fb=       67.03703703703704 
stepb=    5.7840659039592826 
gradient= 37.03703703703703 -14.814814814814845 

--------------------------------------------- 

x1=       4.005310390684589 7.397875843726165 
dx1=      -0.9946896093154108 0.3978758437261652 
x2=       2.8518518518518516 1.6296296296296289 
dx=       -2.1481481481481484 -5.370370370370371 
f      =  67.03703703703704 
step   =  5.7840659039592826 
g1norm =  39.890109682477814 

