

min_val=  0.0 
point=    5.0 5.0 
num_calc= 102 


min_val=  0.800151153978551 
point=    0.11025034968842501 0.021372901671575004 
num_calc= 102 


min_val=  -59.84187097235482 
point=    -8.419904759780474 
num_calc= 102 

