

r = 0.517686899, ver = 0.5
r = 0.217176783, ver = 1.0
r = 0.172582304, ver = 1.0
1

