
num_test        = 1 

population_size = 4 
max_generations = 1 

ne = #(X0 P10 1.0)  ie = (0 1 1.0)  
ne = #(P10 P20 1.0)  ie = (1 2 1.0)  
ne = #(P20 P30 1.0)  ie = (2 3 1.0)  
ne = #(P10 P40 3.0)  ie = (1 4 3.0)  

make_edges_from_namededges ............................ 

names = #(#(X0 P10 1.0) #(P10 P20 1.0) #(P20 P30 1.0) #(P10 P40 3.0)) 
nodes = #(X0 P10 P20 P30 P40) 
edges = ((0 1 1.0) (1 2 1.0) (2 3 1.0) (1 4 3.0)) 
.......................................................


0    : (fitness = -4.250011) 

---------------------- POPULATION PRINT -------------------------------

Generation = 1

   i =   0   ch=    0.620  1.859  0.576  1.729    fitness= -2.792208
   i =   1   ch=    0.185  0.709  2.127  1.380    fitness= -3.513999
   i =   2   ch=    1.489  2.506  0.018  2.555    fitness= -3.928386
   i =   3   ch=    0.188  0.564  1.693  0.079    fitness= -4.454967

STABLE_SIZE = 4 
ORIG_SIZE   = 0 
SIZE        = 4     (length = 4)
BEST        = 0 

BEST = 0  (fitness = -2.792208) 
 
----------------------------------------------------------------------- 


FINAL 0 : fitness = -2.792208 

   P10  = [ 0.619606 ] 
   P20  = [ 1.858818 ] 
   P30  = [ 0.576456 ] 
   P40  = [ 1.729367 ] 


FINAL 1 : fitness = -3.513999 

   P10  = [ 0.184844 ] 
   P20  = [ 0.708855 ] 
   P30  = [ 2.126567 ] 
   P40  = [ 1.379701 ] 

